570
730
1172470
1085660
1174180
1203220
381210
1817070
39210
1372110
578080
359550
824550
1692250
1237970
990080
236390
1708520
529340
678960
1313140
1030840
1217060
1599600
230410
534380
814380
1044720
1245620
271590
1289670
958260
1811260
440
440900
1250410
1919590
1328670
1659040
1569040
582660
835570
1255630
1056640
275850
1332010
1446780
311210
663090
1377580
960170
1551360
1938090
997070
289070
1172380
397540
1138190
1062520
1404210
779340
1144200
1222670
1649080
2061250
535930
1063730
1549970
954740
1222140
739630
502500
1496790
1777620
255710
1973710
1096530
1462040
238960
924970
686810
1517290
690830
281990
4000
1031500
728880
962130
1385380
413150
1987080
476600
268050
354710
359930
345980
1449850
1118240
1190000
524220
578650
1090630
1824220
1384160
242760
1943950
453480
960090
550
1266700
805550
49520
294100
429790
227300
306130
1206560
1509960
252490
641320
1641650
629820
1184370
1238840
1665460
202970
1295920
1172620
495910
438100
435150
291550
1582620
346110
1677740
1244460
588650
232090
1399080
648800
251060
42700
1222690
1222730
1237950
1284210
427520
1151340
1282730
285900
775500
949480
892970
1135690
304050
105600
594650
594570
10090
244210
10180
223750
221040
218620
1473480
627690
1288320
359320
1593500
379720
252530
1703340
322330
313120
590380
1109680
1213210
394360
1798140
1488200
1552350
200210
1274570
1740720
473950
635940
493520
1525700
1605220
1782330
1672970
360430
1024380
1350200
899770
1032700
824270
1286830
1060230
548430
1811950
261640
1267910
304240
632360
34030
268910
220200
268500
1476970
364360
1258080
1449200
219990
1490890
750130
1029780
444200
629730
1150690
32430
1506830
699130
1296610
1466860
1148760
945360
582160
1136380
65980
601510
1262580
1388870
1511780
858820
633230
1005300
936500
1458100
393080
1604030
460950
1178830
753640
434170
1644960
1880360
218230
1124300
1097840
1084600
774461
215100
55230
901805
55380
55381
55382
55385
55386
55387
55388
55389
55390
55391
55392
55395
55396
55398
55399
55400
848030
1058650
1238000
811550
683320
12210
32370
996580
239140
871980
239030
1238810
1359090
1537910
447530
1238040
797430
1677280
367520
1342120
1968340
1407200
1842810
952040
1198850
493340
2013220
1184050
1577120
8500
468920
597180
311680
15170
1879330
242050
8930
918570
1850570
1937750
1739610
1200720
457140
1730680
1211630
919640
17480
1237320
266410
1714040
208580
1283400
610180
1007040
1934700
632470
1970580
2114370
233450
1409530
1388880
1672670
544610
1556200
809540
703080
833360
573410
1944790
1180380
397460
1671200
331670
1526930
22380
527230
393380
345180
209650
42680
362680
1580240
1352930
1134100
1135230
1368910
1851280
292730
7940
6000
368500
221680
1307710
1118200
213670
3590
490280
361420
300380
1581800
282070
571740
1588530
1066780
1049590
821880
1229490
508440
477160
838350
1330000
1042380
34330
35450
368340
262470
438490
1222700
518790
885000
288470
1290000
1922560
231430
1003590
1044620
429530
250760
751630
236850
1465360
386360
1435790
997010
1237980
690790
1115690
1343240
1272160
466560
1469170
1559390
774181
673750
1169040
1113000
1062090
241930
491540
784080
770200
1158370
1094520
352720
1850740
880940
839770
777130
1543030
8980
1797880
1206610
702320
2094850
889510
581320
1729410
1682060
644930
42960
47890
566050
552990
1046930
767560
1635590
1889930
410340
1308700
50130
972660
1434950
986680
564230
666150
285310
1846170
1621690
1112790
1282410
1331910
526870
1369630
495420
314160
1202130
115320
1207650
6030
1533420
1715130
2600
1426490
1017180
67370
1481080
841190
1201240
1437880
464340
714010
555160
763890
552500
1266840
1174640
1142100
1449280
982290
488860
285920
850320
1094920
1361510
1145360
251570
815370
650760
679110
1004610
517790
601150
1861880
774171
1029690
274190
1282210
800600
365900
383150
699330
312520
519860
536220
760630
509980
